17884797315568916
18107471623778732
18105589957760799
18175292263409738
18003173357832014
18533770339057103
18125113630463371
17984192888831167
17978301815757672
17878632378153499
17941360319897471
18093154756455044
17991299873684635
17938258196847775
18007789853726882
18013994723182684
18066233617540428
18007045574280218
18033036967964632
18037829639288380
17907347502130798
17925388158026443
17894506377207743
17985141224578805
18277686988226968
18031635547936795
18440602435036276
18037958647790079
17921603603921146
17865010716139558
17966838266623675
17999179103625637
17975992145583467
17851390203181458
18042621232721821
18030117104038007
18409032691068681
18089496484442993
17997568871422876
18046674505761047
17896020513008067
18441290413019607
18006046226307778
18269779144234467
18058978867597254
17917613396924183
18058565218602458
18055736329528039
17928901100777972
17966842835729308
18350901406104191
18027898505310314
18026414513018890
18263981158231430
18015496850195407
18054484972580170
18045610237712151
18108127135497115
18030084464150313
18053957746639544
18028531444933880
17844272619238375
18051970048634673
18078090847491770
18272581636230781
17991127406641622
18045455647685550
17861411073115990
18013368419246698
18232391140248919
18078522502460774
17996404478615406
17997434231564877
18041084170739983
18009607943351909
18007400810458586
17959385300739657
17991250799627024
17859004584117900
